<html>

<head>
	<link type="text/css" rel="stylesheet" href="../content.css">
</head>

<body>

<h2>Implementing a TSP with 10 cities</h2>

<p>
	First store the traveling costs for each city pair in a two dimensional constant array
</p>
<pre><div class="code">const unsigned int cities10[10][10] =
{
{    0,   28,  57,  72,  81,  85,  80,  113, 89,  80},
{    28,  0,   28,  45,  54,  57,  63,  85,  63,  63},
{    57,  28,  0,   20,  30,  28,  57,  57,  40,  57},
{    72,  45,  20,  0,   10,  20,  72,  45,  20,  45},
{    81,  54,  30,  10,  0,   22,  81,  41,  10,  41},
{    85,  57,  28,  20,  22,  0,   63,  28,  28,  63},
{    80,  63,  57,  72,  81,  63,  0,   80,  89,  113},
{    113, 85,  57,  45,  41,  28,  80,  0,   40,  80},
{    89,  63,  40,  20,  10,  28,  89,  40,  0,   40},
{    80,  63,  57,  45,  41,  63,  113, 80,  40,  0}
};
</div></pre>
<p>
	and introduce the number of cities in the main program:
</p>
<pre><div class="code">int main( int argc, char **argv ) {
  const	unsigned cities    	= 10;
  return EXIT_SUCCESS;
}
</div></pre>

</body>

</html>
